-39.237783
58.589243
-8.680432
-31.687953
0.000000
1900.553534
-23.213607
58.567684
-8.658957
1.521522
-0.129795
-0.000000
-18.078879
-0.829530
-0.000000
-8.949309
-0.829530
0.000000
-13.640205
-0.015221
-0.000000
-3.800498
0.031089
-0.000000
3.494279
-0.129795
-0.000000
1.006390
206.678511
-0.000000
1.001076
-206.927250
-0.000000
-1.300689
0.150043
-0.000000
2.717880
-152.124010
-0.000000
-2.802955
-50.339698
0.000000
-0.807072
-7.206088
-0.000000
2.722080
151.910843
-0.000000
-2.787934
49.922548
-0.000000
-0.801701
7.109806
-0.000000
-13.568156
30.414396
-7.788996
-18.807964
2.828359
-8.714658
-5.774168
-0.031086
-3.328277